45,49
45,48
45,47
45,46
45,45
45,44
45,43
45,42
45,41
45,40
45,39
45,38
45,37
45,36
45,35
0,456
0,455
0,454
0,453
57,4
0,452
0,451
0,450
57,3
57,2
0,449
57,1
57,0
0,448
0,447
0,446
0,445
0,444
0,443
0,442
0,441
0,440
0,439
0,438
0,437
0,436
0,435
0,434
0,433
56,6
56,5
56,4
56,3
56,2
0,432
56,1
56,0
0,431
0,430
0,429
0,428
0,427
0,426
0,425
0,424
0,423
0,422
0,421
0,420
0,419
0,418
0,417
55,5
55,4
55,3
55,2
0,416
55,1
55,0
0,415
0,414
0,413
54,4
0,412
0,411
0,410
54,3
54,2
0,409
54,1
54,0
0,408
0,407
0,406
53,3
53,2
0,405
53,1
53,0
0,404
0,278
0,403
0,402
0,401
0,400
0,399
0,398
0,397
0,396
0,395
0,394
0,393
0,392
0,391
0,390
